23;54;6
3;6;8
24;24;5
9;33;10
-38;15;13
-1;29;12
-24;3;36
-28;9;15
-14;38;29
-45;24;7
9;10;20
-20;9;7
14;34;50
-47;35;32
-34;26;40
5;0;34
-50;21;36
-38;38;22
-13;2;2
27;11;32
26;39;33
-36;14;49
4;32;27
-44;12;44
5;24;34
-22;9;39
28;28;17
13;14;17
49;28;50
0;5;11
27;26;9
10;15;43
-44;2;44
12;31;13
25;31;45
-18;39;30
3;26;33
23;34;8
4;19;41
50;22;34
-32;22;13
-33;6;27
3;37;12
-34;17;24
34;10;5
19;3;50
48;2;3
33;8;14
-16;18;42
-35;35;50
0;5;9
-27;20;38
-9;39;39
-7;14;3
30;38;41
-4;34;36
8;19;7
-10;25;24
-44;34;43
-24;10;14
17;5;49
36;19;2
-12;38;25
-10;0;10
-46;3;2
-30;12;5
13;1;1
47;39;34
9;12;33
50;35;13
-37;20;46
43;34;21
-18;1;10
-24;13;30
46;13;8
0;25;34
3;32;40
5;40;7
25;12;33
-42;29;24
-33;40;31
-12;8;26
7;6;25
5;39;8
25;24;20
-31;34;9
5;39;27
4;7;17
24;1;11
37;15;45
-22;17;30
25;8;4
31;12;48
15;12;38
9;23;37
-1;33;31
-49;9;38
-19;9;32
-5;33;2
-40;6;4
-7;27;39
38;4;46
-23;21;45
12;37;14
-40;29;11
-48;33;11
-11;4;37
-45;5;7
-30;9;3
48;30;50
-1;0;8
-37;1;29
6;14;29
-50;26;34
-40;12;47
45;12;20
-7;12;30
-17;1;41
-7;40;13
23;30;11
-14;33;33
-22;16;34
29;35;23
-37;29;43
-43;7;38
12;31;7
37;1;26
27;13;29
45;5;18
-48;29;43
-38;20;48
-20;34;31
14;25;46
6;11;17
-44;34;12
30;32;2
43;23;32
13;40;16
-8;40;8
3;3;15
-19;35;2
28;16;24
-48;6;18
-7;9;39
23;11;43
30;32;15
-41;32;34
20;17;8
44;13;44
-10;10;45
-40;26;34
-16;35;9
-44;26;33
-30;23;47
13;39;33
42;7;15
7;21;8
12;11;30
-9;23;25
-6;24;25
16;34;28
27;1;1
-36;15;21
-2;17;39
36;2;14
4;31;26
26;6;44
23;30;12
13;9;2
49;25;14
-7;13;27
-22;8;11
24;20;48
40;15;27
-27;34;39
10;0;11
10;12;21
-41;27;40
-12;37;17
44;30;29
27;15;36
11;40;9
17;6;37
-16;35;29
0;12;40
11;26;2
34;2;11
-25;40;46
11;30;3
-44;22;37
-15;13;16
25;25;10
22;15;34
12;14;2
-26;25;24
-29;39;6
-10;20;16
38;12;22
15;37;41
-29;5;15
32;24;24
15;27;1
-8;9;7
28;14;2
-25;34;33
32;0;38
-46;35;37
28;39;5
7;32;43
43;22;45
22;1;10
-40;35;48
40;2;41
32;20;31
1;5;5
18;2;6
-10;18;37
12;30;13
1;8;40
42;30;4
-36;31;42
-21;25;35
4;9;9
-38;21;34
-4;27;26
-20;24;50
0;29;46
-35;18;11
-47;23;14
-44;27;2
28;14;32
14;12;50
-42;25;10
24;13;25
-26;16;39
-4;24;20
-33;34;43
-23;36;9
40;4;13
9;26;4
-14;29;4
-31;12;33
10;3;3
39;4;15
27;40;50
46;11;38
39;40;48
19;6;43
-12;18;35
-22;3;15
-23;35;31
2;27;3
23;21;11
2;24;32
24;33;46
-23;22;2
47;22;11
-36;25;7
23;24;21
12;8;47
-35;36;32
-44;3;29
1;10;45
6;39;9
-35;13;42
1;20;39
-40;31;50
-22;30;8
-4;8;15
-12;0;50
20;26;8
33;24;12
-18;16;3
43;17;35
-11;29;6
-50;28;21
50;10;19
50;25;47
31;4;5
-13;3;23
33;9;2
-28;18;8
-6;11;4
25;2;48
50;26;40
5;0;50
36;5;12
-16;15;32
-21;2;46
35;21;48
-15;35;8
3;21;48
-41;40;23
-38;20;30
22;29;35
0;6;14
28;23;12
21;0;1
28;40;39
30;6;5
-44;19;28
-42;29;46
-39;21;28
17;4;16
-29;32;27
-24;15;45
19;3;3
-21;15;31
-20;12;11
45;38;50
18;13;33
39;1;8
42;8;48
-39;2;12
-3;22;28
-34;30;12
27;25;49
20;35;17
-4;2;7
-27;11;15
-6;36;23
7;22;19
-40;8;1
9;17;47
23;26;17
48;18;26
-3;6;26
8;17;42
22;37;11
-30;25;38
-26;30;18
13;16;9
-12;39;27
30;33;15
-29;22;38
-7;12;11
-15;12;4
-4;14;4
48;19;24
47;5;32
3;5;2
-37;3;37
-41;2;3
5;14;3
-33;12;22
-27;34;1
8;33;21
44;36;3
-11;2;20
47;24;34
45;11;24
41;9;30
5;4;16
38;20;45
3;26;4
-50;3;47
9;25;7
-29;20;10
-24;8;37
-41;39;22
24;40;4
-5;0;45
1;36;17
-15;22;1
20;28;40
-27;18;47
-30;31;39
5;26;2
25;28;39
40;34;19
-38;31;37
15;16;34
-47;21;46
-27;25;3
-50;32;7
-2;23;39
-18;14;23
-10;25;37
6;34;50
-15;6;35
-19;18;17
23;5;29
-30;1;16
32;17;6
22;5;5
27;0;27
-2;11;8
-29;20;17
22;6;40
-20;16;34
-11;19;8
8;2;27
-12;37;9
29;7;29
4;12;32
26;17;42
-25;40;16
-39;10;34
3;9;31
-32;1;3
-26;6;49
-6;32;33
-2;0;4
35;6;41
42;30;4
34;3;33
-44;1;36
-16;8;33
50;16;49
8;32;41
2;35;11
49;1;10
23;0;38
-14;32;1
-25;11;4
16;12;39
-20;34;29
-50;27;27
15;25;42
-10;17;0
35;39;31
14;38;42
45;19;13
-6;9;39
-41;14;17
44;0;24
47;15;11
8;7;38
13;2;44
11;6;22
-23;17;5
-46;36;46
32;30;18
10;10;4
-38;32;0
28;33;28
33;20;39
9;2;25
2;19;16
-49;33;0
19;5;50
35;38;5
-17;10;34
-49;25;46
-16;16;11
-2;9;16
5;33;41
-11;16;45
-12;13;16
-16;36;27
-32;7;1
17;6;4
35;5;25
49;32;0
32;14;1
-34;27;4
-16;9;40
-42;7;6
33;22;7
32;37;26
-49;16;7
-22;24;7
-1;26;6
-39;13;31
-27;21;38
9;23;25
-11;29;45
43;13;21
-4;40;15
-13;3;44
13;23;45
-16;34;47
23;40;10
-50;4;31
0;6;39
32;25;32
-36;16;14
-22;0;6
12;40;11
23;26;11
-7;4;47
22;15;17
31;6;36
-43;15;38
-14;34;30
-40;23;29
-6;32;26
13;33;44
-28;2;45
12;1;18
8;37;33
-28;21;10
-9;33;34
34;12;26
-36;8;40
-26;32;11
24;18;34
31;4;0
28;11;47
-5;22;8
16;8;23
-24;37;29
-34;27;40